90042
90028
90062
91601
90044
91316
90036
90011
90048
91605
91602
90045
90037
91401
91607
90066
90230
91406
91325
91436
90025
90049
90065
90291
91403
90002
90038
91326
91345
90003
90068
91324
90272
91307
90069
91402
91311
91606
91356
90034
91604
90026
90061
91306
90043
91304
90041
90077
91352
91331
91367
90004
91423
90024
90035
91342
91411
91344
90064
90094
90744
91343
91405
91040
90063
90032
90006
90020
91335
91042
90501
90019
90046
90029
90031
90059
90731
90210
90067
90023
90039
90016
90001
91364
91303
90007
90047
90293
90732
90027
90015
90710
90018
90012
90033
90005
91504
90402
90017
91205
90008
90248
90292
90014
90247
91105
91340
90057
91214
90013
90717
90010
90232
90212
91505
